0.10 0.19 0.32 0.00 9.60 2.90 6.40 2103.75 2102.00 2105.00 1.00 197.78 146.37 1650.00 0.00
0.03 0.15 0.29 2.00 8.10 2.90 2.70 2105.90 2103.00 2111.00 4.00 197.28 146.05 1704.00 322.00
0.14 0.15 0.28 0.00 6.80 1.50 4.10 2100.40 2094.00 2111.00 4.00 196.78 145.73 2356.00 478.00
0.13 0.16 0.27 0.00 8.20 1.50 4.00 2092.65 2086.00 2097.00 3.00 196.28 145.40 4681.00 102.00
0.10 0.15 0.26 0.00 8.20 3.00 5.20 2084.70 2084.00 2086.00 1.00 195.79 145.08 1020.00 784.00
0.11 0.13 0.24 0.00 8.30 2.90 3.90 2086.35 2084.00 2089.00 2.00 195.29 144.75 2038.00 0.00
0.07 0.12 0.23 3.00 26.50 2.90 22.20 2111.15 2084.00 2136.00 28.00 195.46 144.45 472.00 94.00
0.02 0.09 0.21 1.00 13.70 1.50 10.80 2114.85 2114.00 2116.00 1.00 195.05 144.20 484.00 0.00
0.03 0.08 0.20 0.00 9.90 2.90 5.40 2114.95 2114.00 2116.00 1.00 194.57 143.89 7282.00 94.00
0.16 0.10 0.19 0.00 11.00 2.90 6.90 2115.20 2115.00 2116.00 1.00 194.08 143.57 913.00 0.00
