0.625 1.000 1.000 0.000 0.362 0.967 0.288 0.995 0.994 0.985 0.036 1.000 1.000 0.227 0.000
0.188 0.789 0.906 0.667 0.306 0.967 0.122 0.996 0.994 0.988 0.143 0.997 0.998 0.234 0.411
0.875 0.789 0.875 0.000 0.257 0.500 0.185 0.993 0.990 0.988 0.143 0.995 0.996 0.324 0.610
0.812 0.842 0.844 0.000 0.309 0.500 0.180 0.989 0.986 0.982 0.107 0.992 0.993 0.643 0.130
0.625 0.789 0.812 0.000 0.309 1.000 0.234 0.986 0.985 0.977 0.036 0.990 0.991 0.140 1.000
0.688 0.684 0.750 0.000 0.313 0.967 0.176 0.986 0.985 0.978 0.071 0.987 0.989 0.280 0.000
0.438 0.632 0.719 1.000 1.000 0.967 1.000 0.998 0.985 1.000 1.000 0.988 0.987 0.065 0.120
0.125 0.474 0.656 0.333 0.517 0.500 0.486 1.000 1.000 0.991 0.036 0.986 0.985 0.066 0.000
0.188 0.421 0.625 0.000 0.374 0.967 0.243 1.000 1.000 0.991 0.036 0.984 0.983 1.000 0.120
1.000 0.526 0.594 0.000 0.415 0.967 0.311 1.000 1.000 0.991 0.036 0.981 0.981 0.125 0.000
